Vértices  |  (Vizinhos)
1  |  ( 0 8 )
3  |  ( 2 11 10 )
4  |  ( 2 104 105 106 107 )
5  |  ( 6 7 57 66 )
6  |  ( 5 86 496 91 )
7  |  ( 5 65 465 )
9  |  ( 0 8 11 )
10  |  ( 3 8 11 437 )
12  |  ( 13 14 15 231 )
13  |  ( 12 231 467 )
14  |  ( 12 26 61 60 )
15  |  ( 12 16 17 )
16  |  ( 15 18 24 22 )
18  |  ( 16 19 20 )
20  |  ( 18 402 405 )
21  |  ( 22 23 24 )
25  |  ( 23 26 27 )
28  |  ( 19 24 27 42 )
29  |  ( 27 40 41 42 )
30  |  ( 26 45 66 )
31  |  ( 32 33 34 35 )
32  |  ( 31 181 387 )
33  |  ( 31 124 122 80 )
34  |  ( 31 124 456 )
35  |  ( 31 122 123 )
37  |  ( 19 36 42 )
38  |  ( 36 401 402 403 )
39  |  ( 36 43 305 468 )
43  |  ( 39 40 42 293 )
44  |  ( 40 45 294 )
46  |  ( 45 47 63 )
48  |  ( 47 49 440 )
49  |  ( 47 48 78 79 )
50  |  ( 51 52 53 54 )
52  |  ( 50 411 422 )
53  |  ( 50 466 467 )
54  |  ( 50 55 56 68 )
56  |  ( 54 420 523 )
58  |  ( 59 60 66 )
61  |  ( 14 22 23 )
62  |  ( 63 64 465 )
63  |  ( 46 62 65 465 )
64  |  ( 62 115 382 440 )
65  |  ( 7 63 66 )
67  |  ( 51 57 69 108 )
68  |  ( 51 54 55 108 )
69  |  ( 57 67 106 70 )
70  |  ( 2 69 71 140 )
72  |  ( 71 73 74 75 )
73  |  ( 72 458 95 )
74  |  ( 71 72 89 90 )
75  |  ( 72 76 77 )
76  |  ( 75 137 114 )
78  |  ( 49 293 300 )
79  |  ( 49 300 256 )
81  |  ( 80 270 126 )
82  |  ( 80 355 548 )
83  |  ( 84 85 136 386 )
87  |  ( 86 88 91 130 )
92  |  ( 91 147 130 455 )
93  |  ( 77 94 95 141 )
94  |  ( 93 135 136 96 )
96  |  ( 91 94 95 546 )
97  |  ( 95 546 140 )
98  |  ( 89 99 100 265 )
100  |  ( 89 98 113 114 )
101  |  ( 99 102 103 )
102  |  ( 101 133 )
103  |  ( 90 99 101 )
105  |  ( 4 104 430 107 )
108  |  ( 67 68 106 107 )
109  |  ( 110 111 112 )
111  |  ( 109 389 437 478 )
116  |  ( 86 88 115 )
117  |  ( 115 120 154 )
119  |  ( 118 156 283 )
120  |  ( 117 118 454 )
121  |  ( 118 237 371 167 )
122  |  ( 33 35 126 )
125  |  ( 123 126 127 128 )
127  |  ( 125 223 225 )
128  |  ( 125 309 412 )
129  |  ( 124 130 355 153 )
131  |  ( 132 133 134 )
132  |  ( 131 236 265 )
135  |  ( 94 147 148 )
137  |  ( 76 363 364 )
138  |  ( 51 59 139 )
139  |  ( 59 60 138 )
141  |  ( 77 84 93 136 )
142  |  ( 143 144 382 )
145  |  ( 143 371 258 370 )
146  |  ( 143 144 371 )
148  |  ( 135 136 147 387 )
149  |  ( 85 171 457 177 )
150  |  ( 84 85 457 )
151  |  ( 85 181 171 386 )
152  |  ( 88 115 356 154 )
153  |  ( 88 129 356 )
155  |  ( 154 356 355 )
157  |  ( 156 512 549 )
158  |  ( 156 237 514 )
159  |  ( 160 161 162 )
160  |  ( 159 418 169 )
161  |  ( 159 163 164 165 )
163  |  ( 161 416 368 489 )
164  |  ( 161 242 252 )
165  |  ( 161 489 487 )
166  |  ( 167 168 169 )
167  |  ( 121 166 246 )
170  |  ( 171 172 177 )
172  |  ( 170 180 181 )
174  |  ( 169 173 176 )
175  |  ( 173 274 275 )
176  |  ( 173 174 283 512 )
178  |  ( 177 547 457 )
179  |  ( 123 180 503 )
180  |  ( 172 179 502 )
182  |  ( 183 184 185 476 )
183  |  ( 182 207 432 )
186  |  ( 187 188 )
187  |  ( 186 388 389 )
189  |  ( 190 191 192 )
191  |  ( 189 207 459 )
192  |  ( 189 220 521 )
193  |  ( 194 195 196 )
197  |  ( 195 196 198 )
199  |  ( 200 201 202 )
200  |  ( 198 199 218 219 )
202  |  ( 199 201 434 )
203  |  ( 204 205 206 )
205  |  ( 203 206 212 )
207  |  ( 183 184 191 208 )
209  |  ( 195 210 211 )
210  |  ( 209 436 214 )
211  |  ( 209 436 438 )
212  |  ( 205 433 219 )
213  |  ( 214 )
216  |  ( 215 220 519 )
217  |  ( 215 423 )
218  |  ( 196 200 219 )
221  |  ( 220 427 526 )
222  |  ( 204 435 )
224  |  ( 194 223 509 )
225  |  ( 127 223 330 412 )
226  |  ( 227 228 229 230 )
227  |  ( 226 390 538 )
228  |  ( 226 302 230 )
229  |  ( 226 325 291 )
232  |  ( 231 410 405 )
233  |  ( 234 235 236 441 )
237  |  ( 121 158 238 )
239  |  ( 240 241 242 )
242  |  ( 164 239 269 )
243  |  ( 244 245 246 )
244  |  ( 162 243 259 263 )
245  |  ( 243 263 )
247  |  ( 248 249 250 )
248  |  ( 247 316 341 )
250  |  ( 247 359 505 )
251  |  ( 162 252 253 )
254  |  ( 253 262 268 )
255  |  ( 240 252 253 268 )
256  |  ( 79 257 258 )
257  |  ( 256 295 393 )
258  |  ( 145 256 472 )
260  |  ( 134 357 )
261  |  ( 240 241 517 )
262  |  ( 254 263 264 )
264  |  ( 262 518 )
265  |  ( 98 113 132 234 )
266  |  ( 249 316 345 )
267  |  ( 249 271 359 )
268  |  ( 254 255 517 )
271  |  ( 267 272 273 )
273  |  ( 271 284 283 )
274  |  ( 175 366 419 )
275  |  ( 175 284 366 )
276  |  ( 277 278 )
277  |  ( 190 276 279 )
279  |  ( 277 280 281 )
281  |  ( 184 185 279 )
282  |  ( 185 388 389 )
285  |  ( 284 367 366 368 )
286  |  ( 287 288 289 )
289  |  ( 286 534 544 )
290  |  ( 288 291 292 )
292  |  ( 290 305 306 )
293  |  ( 43 78 294 )
295  |  ( 257 296 297 298 )
296  |  ( 295 395 400 )
298  |  ( 295 373 374 532 )
299  |  ( 297 300 301 )
301  |  ( 297 299 400 )
302  |  ( 228 303 304 )
303  |  ( 302 313 533 )
306  |  ( 292 305 400 )
307  |  ( 308 309 310 )
311  |  ( 312 313 314 315 )
314  |  ( 311 318 319 320 )
317  |  ( 316 341 344 )
318  |  ( 314 349 453 )
320  |  ( 312 314 443 )
321  |  ( 322 323 324 )
322  |  ( 321 338 507 )
323  |  ( 321 329 342 )
326  |  ( 325 350 535 )
327  |  ( 287 288 325 347 )
328  |  ( 194 329 330 )
329  |  ( 323 328 510 )
331  |  ( 310 365 342 )
332  |  ( 310 330 508 412 )
333  |  ( 312 313 451 )
334  |  ( 335 336 337 )
338  |  ( 322 339 340 )
340  |  ( 338 360 )
341  |  ( 248 317 362 )
343  |  ( 308 344 345 )
346  |  ( 319 353 448 450 )
347  |  ( 327 335 348 )
351  |  ( 308 345 352 )
352  |  ( 270 351 384 )
353  |  ( 319 346 354 )
354  |  ( 353 443 )
355  |  ( 82 129 155 356 )
358  |  ( 359 )
361  |  ( 324 344 506 )
363  |  ( 137 364 501 )
365  |  ( 324 331 342 )
367  |  ( 285 515 516 )
369  |  ( 370 371 372 )
370  |  ( 145 369 393 394 )
372  |  ( 246 369 376 379 )
373  |  ( 298 374 375 )
376  |  ( 372 377 378 )
378  |  ( 376 414 415 )
379  |  ( 372 380 381 394 )
380  |  ( 379 470 )
381  |  ( 379 396 394 )
382  |  ( 64 142 144 440 )
383  |  ( 309 384 385 )
386  |  ( 83 151 387 )
390  |  ( 227 391 392 )
391  |  ( 390 397 533 )
396  |  ( 374 381 393 415 )
398  |  ( 397 545 543 )
399  |  ( 397 404 405 406 )
401  |  ( 38 406 403 )
402  |  ( 20 38 406 )
403  |  ( 38 401 468 )
404  |  ( 399 530 539 )
408  |  ( 407 409 410 )
409  |  ( 408 439 529 )
410  |  ( 232 408 528 )
413  |  ( 270 384 504 )
414  |  ( 378 470 471 )
417  |  ( 368 416 419 )
418  |  ( 160 416 419 )
420  |  ( 56 421 425 )
421  |  ( 420 428 425 )
422  |  ( 52 423 424 )
424  |  ( 422 425 426 )
427  |  ( 221 428 429 )
428  |  ( 421 427 527 )
430  |  ( 55 105 431 432 )
433  |  ( 212 434 435 )
437  |  ( 10 110 111 477 )
438  |  ( 198 211 511 )
439  |  ( 231 409 411 423 )
442  |  ( 235 441 474 )
444  |  ( 445 446 )
447  |  ( 446 451 452 )
449  |  ( 448 519 )
450  |  ( 315 346 543 )
452  |  ( 445 447 451 )
453  |  ( 315 318 349 )
455  |  ( 92 456 )
461  |  ( 432 460 462 )
463  |  ( 431 462 )
464  |  ( 462 524 525 )
467  |  ( 13 53 411 )
469  |  ( 468 531 539 )
473  |  ( 441 474 )
475  |  ( 113 234 235 497 )
476  |  ( 104 182 477 478 )
477  |  ( 437 476 478 )
480  |  ( 479 481 482 )
482  |  ( 480 488 494 )
483  |  ( 481 485 486 )
484  |  ( 481 492 485 )
486  |  ( 483 490 491 )
487  |  ( 165 488 489 )
488  |  ( 482 487 493 )
490  |  ( 485 486 495 )
492  |  ( 484 494 495 )
496  |  ( 6 140 546 )
497  |  ( 475 498 499 )
499  |  ( 364 497 501 )
500  |  ( 501 )
512  |  ( 157 176 513 )
520  |  ( 519 542 543 )
521  |  ( 190 192 522 )
530  |  ( 392 404 539 )
531  |  ( 392 469 538 )
533  |  ( 230 303 391 )
534  |  ( 287 289 335 )
536  |  ( 291 537 538 )
540  |  ( 304 541 )